b<-c(1,2,3)
b
l<- c(3,4,6)
l
